%YAML:1.0
R: !!opencv-matrix
   rows: 3
   cols: 3
   dt: d
   data: [ 9.9850024297104889e-001, -1.5269305839188204e-002,
       -5.2574833199409823e-002, 1.4816415712277027e-002,
       9.9984978655003920e-001, -8.9932286350312019e-003,
       5.2704256110843867e-002, 8.2007703924867770e-003,
       9.9857649118771685e-001 ]
T: !!opencv-matrix
   rows: 3
   cols: 1
   dt: d
   data: [ -6.9870888527214092e+001, 8.8868426664149380e-001,
       -2.0117926153873773e+000 ]
R1: !!opencv-matrix
   rows: 3
   cols: 3
   dt: d
   data: [ 9.9933435550077687e-001, -2.7736482098965076e-002,
       -2.3696697588917424e-002, 2.7627752160177002e-002,
       9.9960625350490817e-001, -4.9035970936760704e-003,
       2.3823375630305822e-002, 4.2456465532429667e-003,
       9.9970716775409907e-001 ]
R2: !!opencv-matrix
   rows: 3
   cols: 3
   dt: d
   data: [ 9.9950496352802864e-001, -1.2712652640327556e-002,
       2.8778748160409331e-002, 1.2580829440426877e-002,
       9.9990954263196530e-001, 4.7570247135028474e-003,
       -2.8836619313379622e-002, -4.3926092906565036e-003,
       9.9957448665429371e-001 ]
P1: !!opencv-matrix
   rows: 3
   cols: 4
   dt: d
   data: [ 7.3640325822614000e+002, 0., 2.9139797210693359e+002, 0., 0.,
       7.3640325822614000e+002, 2.3174509811401367e+002, 0., 0., 0., 1.,
       0. ]
P2: !!opencv-matrix
   rows: 3
   cols: 4
   dt: d
   data: [ 7.3640325822614000e+002, 0., 2.9139797210693359e+002,
       -5.1478633767838204e+004, 0., 7.3640325822614000e+002,
       2.3174509811401367e+002, 0., 0., 0., 1., 0. ]
Q: !!opencv-matrix
   rows: 4
   cols: 4
   dt: d
   data: [ 1., 0., 0., -2.9139797210693359e+002, 0., 1., 0.,
       -2.3174509811401367e+002, 0., 0., 0., 7.3640325822614000e+002, 0.,
       0., 1.4305027238042502e-002, 0. ]
