%YAML:1.0
M1: !!opencv-matrix
   rows: 3
   cols: 3
   dt: d
   data: [ 8.1261355214987623e+002, 0., 2.9193382380305445e+002, 0.,
       8.1261355214987623e+002, 2.3457773416467973e+002, 0., 0., 1. ]
D1: !!opencv-matrix
   rows: 1
   cols: 8
   dt: d
   data: [ -6.3225211379652577e-002, 3.4422627697031516e-001, 0., 0., 0.,
       0., 0., 6.6902695955540692e-001 ]
M2: !!opencv-matrix
   rows: 3
   cols: 3
   dt: d
   data: [ 8.1261355214987623e+002, 0., 2.9674467902621114e+002, 0.,
       8.1261355214987623e+002, 2.3016782744845435e+002, 0., 0., 1. ]
D2: !!opencv-matrix
   rows: 1
   cols: 8
   dt: d
   data: [ -9.1880770387694377e-002, 1.0181752075885042e+000, 0., 0., 0.,
       0., 0., 3.5401213059737118e+000 ]
